3201.13	54.2774
3200.03	49.7543
3198.92	79.1417
3197.82	74.6072
3196.71	61.0323
3195.6	63.2824
3194.5	81.3499
3193.39	81.3366
3192.29	63.2515
3191.18	81.3101
3190.07	70.0056
3188.96	63.2206
3187.86	76.7553
3186.75	83.5143
3185.64	67.7032
3184.53	81.2306
3183.43	87.9855
3182.32	54.1361
3181.21	83.4462
3180.1	90.1974
3178.99	63.1279
3177.88	67.626
3176.77	74.3765
3175.66	65.3505
3174.55	58.5806
3173.44	81.0983
3172.33	67.5709
3171.22	92.3318
3170.11	63.0456
3169	63.0353
3167.89	83.2831
3166.78	60.7642
3165.67	65.2546
3164.56	69.7436
3163.45	65.2333
3162.34	62.9736
3161.22	60.7147
3160.11	69.6981
3159	78.6785
3157.89	65.1801
3156.78	53.9334
3155.66	65.1589
3154.55	60.6552
3153.44	60.6453
3152.32	65.127
3151.21	80.8341
3150.1	71.8408
3148.98	85.297
3147.87	67.3287
3146.76	83.0252
3145.64	56.0889
3144.53	74.0253
3143.41	51.585
3142.3	76.2436
3141.18	67.2628
3140.07	60.5266
3138.95	51.5513
3137.84	53.7839
3136.72	62.7376
3135.6	91.8507
3134.49	60.4772
3133.37	76.144
3132.25	44.7833
3131.14	69.4027
3130.02	64.9145
3128.9	82.8084
3127.79	58.1802
3126.67	69.3574
3125.55	67.1091
3124.43	80.5177
3123.32	55.9059
3122.2	69.312
3121.08	40.2391
3119.96	71.5245
3118.84	64.8085
3117.72	69.2667
3116.6	82.6596
3115.49	87.1135
3114.37	66.9994
3113.25	71.4543
3112.13	64.7449
3111.01	69.1987
3109.89	69.1874
3108.77	58.0187
3107.65	66.9336
3106.53	69.1534
3105.4	69.1421
3104.28	73.5909
3103.16	89.1865
3102.04	60.191
3100.92	66.8679
3099.8	57.9427
3098.68	55.705
3097.55	73.5186
3096.43	89.0989
3095.31	66.8132
3094.19	69.029
3093.06	62.3386
3091.94	60.1024
3090.82	80.1234
3089.69	57.8574
3088.57	66.7476
3087.45	71.1858
3086.32	48.9322
3085.2	57.8195
3084.07	77.8212
3082.95	62.2467
3081.82	57.7911
3080.7	66.6711
3079.57	55.5501
3078.45	53.3194
3077.32	68.8596
3076.2	62.1856
3075.07	68.837
3073.95	64.3854
3072.82	55.4955
3071.69	68.8032
3070.57	82.1064
3069.44	68.7806
3068.31	68.7693
3067.19	88.7201
3066.06	66.5291
3064.93	64.301
3063.8	59.8566
3062.67	50.9806
3061.55	64.2693
3060.42	55.3955
3059.29	77.541
3058.16	77.5283
3057.03	66.4419
3055.9	73.0741
3054.77	77.4901
3053.64	64.1955
3052.52	81.8912
3051.39	66.3874
3050.26	59.7388
3049.13	68.5778
3048	66.3547
3046.86	72.9782
3045.73	68.544
3044.6	70.7435
3043.47	68.5215
3042.34	50.8302
3041.21	75.128
3040.08	81.7435
3038.95	24.2981
3037.81	79.5081
3036.68	88.3278
3035.55	57.4036
3034.42	59.6017
3033.28	61.799
3032.15	61.7888
3031.02	59.5723
3029.89	79.4167
3028.75	59.5527
3027.62	74.98
3026.48	61.7381
3025.35	97.001
3024.22	66.1262
3023.08	57.3
3021.95	63.901
3020.81	79.3123
3019.68	57.2717
3018.54	46.2503
3017.41	83.6773
3016.27	63.8485
3015.14	72.6432
3014	77.0332
3012.86	70.4187
3011.73	79.2081
3010.59	79.195
3009.45	79.182
3008.32	72.5716
3007.18	90.1498
3006.04	61.5556
3004.91	85.7241
3003.77	63.7331
3002.63	79.1039
3001.49	57.1212
3000.36	87.8643
2999.22	70.2799
2998.08	68.0724
2996.94	103.19
2995.8	68.05
2994.66	74.6232
2993.52	61.4443
2992.38	72.4046
2991.24	59.2303
2990.1	74.5741
2988.96	54.8248
2987.82	72.3569
2986.68	65.7682
2985.54	83.2926
2984.4	70.1296
2983.26	74.5004
2982.12	72.2973
2980.98	78.8568
2979.84	70.0834
2978.7	94.1591
2977.55	70.0603
2976.41	74.4268
2975.27	76.6032
2974.13	76.5906
2972.98	78.7659
2971.84	67.815
2970.7	72.1783
2969.55	83.1007
2968.41	78.714
2967.27	69.9565
2966.12	54.6445
2964.98	67.748
2963.84	58.9966
2962.69	85.2032
2961.55	50.2398
2960.4	72.0713
2959.26	65.5085
2958.11	76.414
2956.97	72.0356
2955.82	74.2063
2954.68	58.9188
2953.53	80.7272
2952.38	58.8994
2951.24	63.2518
2950.09	65.4221
2948.95	74.1329
2947.8	65.4005
2946.65	76.288
2945.5	63.1997
2944.36	52.2945
2943.21	78.4289
2942.06	74.0595
2940.91	67.5137
2939.77	71.8575
2938.62	67.4914
2937.47	71.8338
2936.32	97.939
2935.17	69.634
2934.02	60.9197
2932.87	69.611
2931.72	76.1245
2930.57	67.4134
2929.42	69.5765
2928.27	78.2607
2927.12	65.2065
2925.97	80.408
2924.82	82.5676
2923.67	49.9668
2922.52	62.9913
2921.37	76.0114
2920.22	69.4846
2919.07	117.236
2917.92	71.6324
2916.76	78.1315
2915.61	75.9486
2914.46	91.1233
2913.31	67.2465
2912.15	71.5732
2911	75.8984
2909.85	67.2132
2908.7	86.7123
2907.54	84.5305
2906.39	75.8482
2905.23	67.1687
2904.08	73.6567
2902.93	77.9766
2901.77	84.4607
2900.62	58.4631
2899.46	90.9276
2898.31	93.0771
2897.15	67.091
2896	93.0463
2894.84	77.8863
2893.69	73.5471
2892.53	82.1862
2891.37	77.8477
2890.22	73.5106
2889.06	73.4985
2887.9	92.9386
2886.75	73.4741
2885.59	77.7833
2884.43	41.0455
2883.28	77.7575
2882.12	69.1064
2880.96	71.2541
2879.8	86.3543
2878.64	66.9135
2877.49	92.8002
2876.33	75.5225
2875.17	69.0377
2874.01	75.4975
2872.85	88.4253
2871.69	97.036
2870.53	84.084
2869.37	81.9144
2868.21	66.8138
2867.05	75.4225
2865.89	75.41
2864.73	94.7854
2863.57	79.6927
2862.41	88.2935
2861.25	64.5943
2860.09	81.8059
2858.92	73.1826
2857.76	68.8663
2856.6	98.9789
2855.44	79.6003
2854.28	79.5871
2853.11	92.4777
2851.95	77.4104
2850.79	83.8473
2849.63	83.8334
2848.46	73.0734
2847.3	88.1034
2846.14	98.8313
2844.97	85.926
2843.81	100.946
2842.64	81.6026
2841.48	66.5595
2840.31	100.896
2839.15	90.1475
2837.99	75.1104
2836.82	83.6806
2835.65	79.3761
2834.49	94.3775
2833.32	87.9281
2832.16	120.077
2830.99	77.1795
2829.83	75.0232
2828.66	79.297
2827.49	100.712
2826.33	72.8434
2825.16	74.9734
2823.99	100.662
2822.82	81.3726
2821.66	70.654
2820.49	94.1896
2819.32	107.016
2818.15	85.5985
2816.98	96.2823
2815.81	98.4056
2814.65	91.9725
2813.48	100.511
2812.31	106.909
2811.14	98.3402
2809.97	98.3238
2808.8	106.856
2807.63	102.565
2806.46	87.5928
2805.29	104.667
2804.12	160.177
2802.95	113.173
2801.78	93.9395
2800.6	111.001
2799.43	113.117
2798.26	119.5
2797.09	125.881
2795.92	110.927
2794.75	108.776
2793.57	121.553
2792.4	123.665
2791.23	127.908
2790.06	117.229
2788.88	98.0299
2787.71	119.321
2786.54	140.605
2785.36	110.761
2784.19	144.817
2783.01	142.664
2781.84	127.738
2780.66	138.359
2779.49	151.106
2778.32	153.208
2777.14	127.652
2775.97	157.412
2774.79	161.639
2773.61	144.601
2772.44	159.459
2771.26	129.672
2770.09	176.41
2768.91	167.88
2767.73	167.852
2766.56	193.316
2765.38	193.284
2764.2	167.768
2763.02	182.603
2761.85	214.417
2760.67	208.013
2759.49	218.59
2758.31	231.285
2757.13	214.274
2755.96	254.541
2754.78	233.29
2753.6	252.335
2752.42	281.975
2751.24	307.365
2750.06	328.508
2748.88	353.881
2747.7	366.535
2746.52	400.367
2745.34	444.778
2744.16	472.233
2742.98	438.278
2741.8	524.999
2740.62	567.243
2739.43	584.078
2738.25	583.981
2737.07	674.851
2735.89	662.047
2734.71	649.248
2733.52	731.603
2732.34	735.709
2731.16	763.065
2729.98	877.062
2728.79	876.915
2727.61	887.332
2726.43	933.656
2725.24	933.5
2724.06	1053.71
2722.88	1026.08
2721.69	1104.02
2720.51	1112.28
2719.32	1169.07
2718.14	1177.31
2716.95	1236.18
2715.77	1282.38
2714.58	1288.49
2713.39	1252.43
2712.21	1266.98
2711.02	1300.49
2709.84	1256.02
2708.65	1260.02
2707.46	1264.02
2706.28	1289.09
2705.09	1333.1
2703.9	1288.66
2702.71	1290.55
2701.53	1307.17
2700.34	1288.01
2699.15	1262.55
2697.96	1251.82
2696.77	1234.78
2695.59	1242.98
2694.4	1156.56
2693.21	1215.24
2692.02	1149.87
2690.83	1137.06
2689.64	1168.4
2688.45	1147.19
2687.26	1134.39
2686.07	1090.1
2684.88	1071.01
2683.69	1039.34
2682.5	1087.45
2681.31	984.417
2680.11	1005.24
2678.92	933.729
2677.73	977.629
2676.54	893.563
2675.35	870.344
2674.16	809.389
2672.96	823.93
2671.77	800.734
2670.58	781.738
2669.38	752.27
2668.19	689.291
2667	676.607
2665.8	657.644
2664.61	607.277
2663.42	577.863
2662.22	575.673
2661.03	583.948
2659.83	562.924
2658.64	539.814
2657.44	491.609
2656.25	485.252
2655.05	451.711
2653.86	447.453
2652.66	416.02
2651.46	436.852
2650.27	361.544
2649.07	382.379
2647.88	365.601
2646.68	371.807
2645.48	357.125
2644.28	327.832
2643.09	313.163
2641.89	302.673
2640.69	292.187
2639.49	285.878
2638.29	283.744
2637.1	262.836
2635.9	241.936
2634.7	254.407
2633.5	231.43
2632.3	248.068
2631.1	239.689
2629.9	220.894
2628.7	229.191
2627.5	191.655
2626.3	158.297
2625.1	206.168
2623.9	195.723
2622.7	191.526
2621.5	181.087
2620.3	197.705
2619.1	166.461
2617.89	164.352
2616.69	164.325
2615.49	162.217
2614.29	166.349
2613.08	149.689
2611.88	157.978
2610.68	155.873
2609.48	132.99
2608.27	137.123
2607.07	139.177
2605.87	162
2604.66	149.513
2603.46	122.497
2602.25	137.007
2601.05	116.229
2599.84	136.961
2598.64	132.789
2597.43	122.394
2596.23	124.448
2595.02	114.058
2593.82	116.112
2592.61	116.093
2591.41	109.855
2590.2	91.1849
2588.99	60.0891
2587.79	118.086
2586.58	128.423
2585.37	120.118
2584.16	147.016
2582.96	91.093
2581.75	101.427
2580.54	103.48
2579.33	128.294
2578.12	97.2384
2576.92	99.2906
2575.71	76.5236
2574.5	101.325
2573.29	105.443
2572.08	86.8208
2570.87	95.0735
2569.66	97.124
2568.45	49.5869
2567.24	92.9597
2566.03	101.206
2564.82	76.4078
2563.61	94.9775
2562.4	99.0903
2561.19	146.546
2559.97	96.9932
2558.76	101.104
2557.55	51.5748
2556.34	86.631
2555.13	90.741
2553.91	103.097
2552.7	68.0329
2551.49	92.7564
2550.28	88.619
2549.06	82.4224
2547.85	74.1677
2546.64	86.5144
2545.42	74.1427
2544.21	82.3669
2542.99	84.4118
2541.78	82.3391
2540.56	88.4996
2539.35	76.138
2538.13	94.6421
2536.92	76.1123
2535.7	78.1562
2534.49	82.2559
2533.27	80.1859
2532.06	88.3952
2530.84	80.1589
2529.62	96.5855
2528.41	108.897
2527.19	63.6838
2525.97	88.3207
2524.75	80.0913
2523.54	90.3442
2522.32	96.4878
2521.1	82.1034
2519.88	88.2463
2518.66	77.9719
2517.45	92.3196
2516.23	86.1504
2515.01	88.1867
2513.79	75.8688
2512.57	147.612
2511.35	102.491
2510.13	110.671
2508.91	92.2106
2507.69	79.9023
2506.47	94.2279
2505.25	100.356
2504.03	106.482
2502.81	92.1327
2501.59	100.305
2500.36	112.569
2499.14	85.947
2497.92	87.9785
2496.7	90.0093
2495.48	100.221
2494.25	92.0239
2493.03	96.0976
2491.81	87.9042
2490.58	104.241
2489.36	112.398
2488.14	118.508
2486.91	77.6303
2485.69	112.341
2484.47	79.6463
2483.24	116.386
2482.02	91.8685
2480.79	120.429
2479.57	106.123
2478.34	116.308
2477.12	112.208
2475.89	118.308
2474.67	108.091
2473.44	112.151
2472.21	112.132
2470.99	128.42
2469.76	128.399
2468.53	114.113
2467.31	120.206
2466.08	160.926
2464.85	132.385
2463.62	150.69
2462.4	136.412
2461.17	134.353
2459.94	142.472
2458.71	152.623
2457.48	156.666
2456.25	162.743
2455.02	148.477
2453.79	166.755
2452.56	152.494
2451.34	132.139
2450.11	144.312
2448.87	132.094
2447.64	148.327
2446.41	168.617
2445.18	152.339
2443.95	144.19
2442.72	140.104
2441.49	172.563
2440.26	131.937
2439.03	133.945
2437.79	121.747
2436.56	113.611
2435.33	111.564
2434.1	117.629
2432.86	117.609
2431.63	113.534
2430.4	66.8929
2429.16	99.309
2427.93	77.0021
2426.7	99.2753
2425.46	85.0787
2424.23	85.0643
2422.99	54.6749
2421.76	78.9615
2420.52	85.021
2419.29	87.0305
2418.05	87.0158
2416.82	72.8381
2415.58	66.7569
2414.34	66.7456
2413.11	82.9123
2411.87	70.7667
2410.64	72.7763
2409.4	62.6578
2408.16	62.6472
2406.92	44.4518
2405.69	62.626
2404.45	56.5558
2403.21	98.9558
2401.97	46.4408
2400.73	62.5834
2399.5	58.5359
2398.26	68.6166
2397.02	78.6939
2395.78	68.5933
2394.54	70.5988
2393.3	58.4862
2392.06	48.3941
2390.82	50.402
2389.58	60.4721
2388.34	14.1078
2387.1	78.5871
2385.86	68.5002
2384.62	8.05747
2383.38	70.4909
2382.13	56.3831
2380.89	122.814
2379.65	72.468
2378.41	50.3164
2377.17	62.3818
2375.92	28.1676
2374.68	74.4303
2373.44	106.598
2372.19	58.3175
2370.95	54.2863
2369.71	34.1745
2368.46	86.4266
2367.22	54.2587
2365.98	54.2494
2364.73	66.2936
2363.49	54.231
2362.24	56.23
2361	38.1496
2359.75	50.1882
2358.51	62.2228
2357.26	44.1506
2356.01	54.1756
2354.77	36.1109
2353.52	56.163
2352.27	56.1535
2351.03	34.0874
2349.78	54.1296
2348.53	42.0936
2347.29	50.1029
2346.04	54.1019
2344.79	50.0858
2343.54	84.1299
2342.29	40.055
2341.05	30.0362
2339.8	42.0435
2338.55	70.0605
2337.3	62.043
2336.05	58.0304
2334.8	50.0176
2333.55	44.008
2332.3	66.0008
2331.05	21.9965
2329.8	55.9816
2328.55	55.9721
2327.3	63.9572
2326.05	57.9513
2324.8	49.9495
2323.54	45.9457
2322.29	57.9217
2321.04	45.9301
2319.79	49.9155
2318.54	57.8921
2317.28	63.87
2316.03	65.8547
2314.78	37.9099
2313.53	55.8577
2312.27	49.8644
2311.02	63.8156
2309.76	55.8291
2308.51	55.8196
2307.26	49.8304
2306	63.772
2304.75	57.7836
2303.49	55.7815
2302.24	65.7313
2300.98	57.754
2299.73	53.7618
2298.47	61.716
2297.21	45.7814
2295.96	41.7933
2294.7	55.7149
2293.45	47.7475
2292.19	57.685
2290.93	33.8096
2289.67	53.6884
2288.42	55.6674
2287.16	55.6579
2285.9	59.6232
2284.64	71.5357
2283.38	57.6161
2282.13	57.6063
2280.87	45.6799
2279.61	57.5866
2278.35	39.7081
2277.09	47.6416
2275.83	65.496
2274.57	69.4536
2273.31	53.5693
2272.05	53.5602
2270.79	65.4512
2269.53	49.5758
2268.27	51.55
2267.01	55.5059
2265.75	65.4065
2264.48	61.432
2263.22	57.4588
2261.96	55.468
2260.7	61.4005
2259.44	55.449
2258.17	57.4195
2256.91	63.3486
2255.65	63.3378
2254.38	61.348
2253.12	43.5298
2251.86	65.2836
2250.59	51.4267
2249.33	47.4627
2248.06	81.0683
2246.8	59.3081
2245.53	47.4384
2244.27	41.5015
2243	69.1573
2241.74	59.2675
2240.47	51.3564
2239.21	41.473
2237.94	45.4151
2236.67	67.1239
2235.41	61.1907
2234.14	49.3389
2232.87	51.3036
2231.61	59.1864
2230.34	61.1488
2229.07	67.0549
2227.8	45.3529
2226.54	61.1174
2225.27	65.0493
2224	41.3879
2222.73	55.1744
2221.46	57.1351
2220.19	59.0952
2218.92	70.9021
2217.65	55.1366
2216.38	47.2519
2215.11	64.9602
2213.84	45.2675
2212.57	55.0988
2211.3	60.9918
2210.03	47.2114
2208.76	76.7053
2207.49	112.089
2206.22	45.221
2204.95	82.5632
2203.67	49.1364
2202.4	55.0233
2201.13	66.8025
2199.86	56.9689
2198.58	70.7078
2197.31	60.8769
2196.04	49.0858
2194.76	41.225
2193.49	47.1062
2192.22	54.9478
2190.94	54.9384
2189.67	37.2732
2188.39	45.1125
2187.12	45.1047
2185.84	47.0577
2184.57	62.7329
2183.29	47.0416
2182.02	52.9127
2180.74	54.863
2179.47	66.6079
2178.19	58.7616
2176.91	62.6683
2175.64	64.6156
2174.36	52.8582
2173.08	56.7639
2171.8	58.7112
2170.53	60.6578
2169.25	43.0401
2167.97	58.6809
2166.69	46.9367
2165.41	46.9286
2164.13	58.6507
2162.86	50.8218
2161.58	52.7675
2160.3	52.7584
2159.02	39.0736
2157.74	56.6469
2156.46	56.6372
2155.18	54.6748
2153.9	54.6654
2152.62	42.944
2151.34	39.0333
2150.05	42.9292
2148.77	68.2847
2147.49	39.0131
2146.21	56.5593
2144.93	58.4996
2143.64	60.4392
2142.36	74.074
2141.08	44.8265
2139.8	42.8702
2138.51	64.2942
2137.23	52.5953
2135.95	54.5339
2134.66	91.5233
2133.38	56.4621
2132.09	58.399
2130.81	42.8186
2129.52	66.1628
2128.24	64.2057
2126.95	36.9606
2125.67	42.7891
2124.38	48.6156
2123.1	60.273
2121.81	60.2626
2120.53	54.4213
2119.24	44.6955
2117.95	60.2314
2116.67	33.0245
2115.38	58.2684
2114.09	46.6067
2112.8	38.8322
2111.52	64.0621
2110.23	65.992
2108.94	56.2776
2107.65	50.4471
2106.36	52.3783
2105.07	71.7654
2103.78	56.2388
2102.49	56.2291
2101.21	44.5878
2099.92	62.0246
2098.63	50.3863
2097.34	48.44
2096.04	52.3062
2094.75	54.2341
2093.46	54.2247
2092.17	44.534
2090.88	36.7826
2089.59	44.5187
2088.3	59.9931
2087.01	48.3732
2085.71	59.9724
2084.42	63.8306
2083.13	40.6124
2081.83	63.8085
2080.54	34.7987
2079.25	52.189
2077.95	46.3822
2076.66	59.9
2075.37	46.3662
2074.07	69.5373
2072.78	54.0752
2071.48	38.6185
2070.19	61.7789
2068.89	40.5354
2067.6	84.9166
2066.3	67.5357
2065.01	44.3729
2063.71	50.152
2062.41	54.0005
2061.12	63.6325
2059.82	28.9189
2058.52	50.1174
2057.23	63.5995
2055.93	55.8808
2054.63	53.9446
2053.33	59.714
2052.04	42.3704
2050.74	67.3958
2049.44	59.6831
2048.14	69.2974
2046.84	57.7379
2045.54	75.0462
2044.24	55.794
2042.94	65.4023
2041.64	61.5445
2040.34	57.688
2039.04	57.678
2037.74	48.0567
2036.44	51.8922
2035.14	53.8049
2033.84	53.7955
2032.54	69.1537
2031.24	65.3006
2029.93	63.369
2028.63	51.8384
2027.33	63.3471
2026.03	53.7397
2024.72	51.8115
2023.42	65.2328
2022.12	42.2021
2020.81	63.2923
2019.51	59.4461
2018.21	67.1049
2016.9	65.1763
2015.6	67.0817
2014.29	47.9072
2012.99	68.9744
2011.68	63.2156
2010.38	53.6282
2009.07	59.3638
2007.77	51.695
2006.46	80.4005
2005.16	59.3329
2003.85	66.9772
2002.54	72.7055
2001.24	70.7799
1999.93	76.5056
1998.62	80.3169
1997.31	51.6234
1996.01	43.9678
1994.7	64.9847
1993.39	74.5283
1992.08	72.6047
1990.77	63.0406
1989.46	64.9396
1988.15	43.9221
1986.84	59.1891
1985.54	55.3609
1984.23	45.8079
1982.92	61.0667
1981.6	62.9641
1980.29	59.1378
1978.98	49.5908
1977.67	49.5822
1976.36	59.107
1975.05	66.7222
1973.74	53.3685
1972.43	53.3592
1971.11	57.1607
1969.8	49.5306
1968.49	53.3314
1967.18	66.6527
1965.86	47.6008
1964.55	64.7259
1963.24	64.7146
1961.92	51.3821
1960.61	47.5678
1959.3	36.1452
1957.98	55.1595
1956.67	49.4447
1955.35	58.9431
1954.04	53.2297
1952.72	41.816
1951.41	49.4104
1950.09	53.2019
1948.77	60.7916
1947.46	45.5858
1946.14	49.376
1944.82	56.9625
1943.51	60.7494
1942.19	55.0446
1940.87	55.035
1939.56	64.5126
1938.24	62.6043
1936.92	41.7289
1935.6	68.2718
1934.28	45.5066
1932.96	58.7692
1931.65	45.4908
1930.33	66.3292
1929.01	41.6854
1927.69	70.0951
1926.37	41.6709
1925.05	54.9203
1923.73	70.0585
1922.41	53.008
1921.09	49.2132
1919.76	54.8821
1918.44	47.3039
1917.12	49.1875
1915.8	66.2024
1914.48	51.0615
1913.16	56.7252
1911.83	39.7007
1910.51	37.8036
1909.19	52.9158
1907.87	60.4647
1906.54	58.565
1905.22	32.1107
1903.89	37.7707
1902.57	56.6462
1901.25	54.7485
1899.92	49.0763
1898.6	35.8572
1897.27	47.1723
1895.95	52.8238
1894.62	11.3174
1893.3	47.1476
1891.97	49.025
1890.64	62.2132
1889.32	49.0079
1887.99	56.5377
1886.66	37.6853
1885.34	62.1698
1884.01	65.9262
1882.68	62.1482
1881.36	47.0737
1880.03	62.1265
1878.7	63.998
1877.37	48.9311
1876.04	52.6858
1874.71	58.3206
1873.38	52.6675
1872.05	52.6583
1870.73	52.6491
1869.4	60.1599
1868.07	39.473
1866.74	46.9835
1865.4	48.8543
1864.07	48.8458
1862.74	48.8373
1861.41	43.1947
1860.08	26.2878
1858.75	52.5665
1857.42	50.6802
1856.08	46.918
1854.75	63.7973
1853.42	67.5383
1852.09	58.1478
1850.75	61.8885
1849.42	91.8789
1848.09	41.2446
1846.75	48.7351
1845.42	43.1043
1844.09	37.4754
1842.75	44.9626
1841.42	54.3204
1840.08	63.6748
1838.75	41.1942
1837.41	54.2919
1836.08	54.2824
1834.74	58.0159
1833.4	44.9077
1832.07	67.3498
1830.73	69.2085
1829.39	44.8841
1828.06	46.7461
1826.72	44.8684
1825.38	125.236
1824.04	63.5414
1822.71	61.6618
1821.37	57.9146
1820.03	18.6788
1818.69	50.4241
1817.35	65.3531
1816.01	54.1402
1814.67	57.8639
1813.33	48.5225
1811.99	37.3185
1810.65	46.64
1809.31	48.4971
1807.97	52.2185
1806.63	42.8863
1805.29	50.3359
1803.95	67.1028
1802.61	54.0456
1801.27	48.4462
1799.93	52.1637
1798.58	63.3305
1797.24	40.9714
1795.9	44.6882
1794.56	33.5103
1793.21	61.4248
1791.87	50.2479
1790.53	61.4033
1789.18	66.9737
1787.84	57.6617
1786.49	63.2308
1785.15	35.3286
1783.8	48.336
1782.46	72.4913
1781.11	91.0628
1779.77	44.5944
1778.42	63.1643
1777.08	57.5809
1775.73	53.8566
1774.38	59.4175
1773.04	55.6942
1771.69	48.2598
1770.34	44.5397
1769	55.6649
1767.65	57.5103
1766.3	87.1777
1764.95	55.6356
1763.6	48.2091
1762.26	48.2006
1760.91	57.4599
1759.56	51.8901
1758.21	61.1455
1756.86	62.9873
1755.51	57.4196
1754.16	50.0018
1752.81	62.9542
1751.46	64.7944
1750.11	53.6774
1748.76	64.7717
1747.41	72.1615
1746.05	70.2988
1744.7	72.1361
1743.35	68.4248
1742	73.9598
1740.65	53.6114
1739.29	60.9954
1737.94	46.2005
1736.59	48.0401
1735.24	60.9633
1733.88	64.6467
1732.53	60.9419
1731.17	72.0096
1729.82	53.5362
1728.47	53.5268
1727.11	62.7445
1725.76	64.5786
1724.4	79.3254
1723.05	68.2448
1721.69	60.8563
1720.33	75.596
1718.98	75.5827
1717.62	64.5105
1716.26	55.285
1714.91	42.3777
1713.55	71.8452
1712.19	58.9395
1710.84	46.0384
1709.48	81.0134
1708.12	42.3405
1706.76	66.2604
1705.4	55.2073
1704.04	40.4782
1702.69	55.1878
1701.33	57.0174
1699.97	62.5242
1698.61	62.5132
1697.25	62.5022
1695.89	25.7317
1694.53	55.1296
1693.17	47.7706
1691.8	49.5992
1690.44	62.4472
1689.08	60.5999
1687.72	58.7532
1686.36	69.7571
1685	56.8971
1683.63	58.7221
1682.27	51.3728
1680.91	55.0326
1679.55	44.0183
1678.18	62.3483
1676.82	69.6711
1675.45	53.1607
1674.09	53.1513
1672.73	73.2993
1671.36	73.2864
1670	56.7869
1668.63	60.4399
1667.27	62.2605
1665.9	51.2643
1664.54	65.8996
1663.17	60.3973
1661.8	62.2166
1660.44	64.0352
1659.07	64.0239
1657.7	51.2101
1656.34	67.6586
1654.97	60.3335
1653.6	73.1186
1652.23	62.1398
1650.87	67.6108
1649.5	67.5989
1648.13	111.427
1646.76	67.5751
1645.39	82.1714
1644.02	65.7255
1642.65	73.0155
1641.28	63.8773
1639.91	76.6392
1638.54	93.0454
1637.17	102.15
1635.8	93.0126
1634.43	74.7616
1633.06	107.565
1631.69	76.558
1630.31	96.5919
1628.94	94.7527
1627.57	109.311
1626.2	114.756
1624.83	145.696
1623.45	138.387
1622.08	123.798
1620.71	129.237
1619.33	94.6356
1617.96	125.552
1616.58	138.265
1615.21	150.973
1613.83	169.133
1612.46	145.465
1611.08	170.891
1609.71	189.037
1608.33	174.465
1606.96	194.421
1605.58	245.255
1604.21	268.824
1602.83	277.857
1601.45	308.675
1600.07	361.268
1598.7	386.615
1597.32	477.286
1595.94	511.676
1594.56	607.735
1593.19	680.18
1591.81	819.698
1590.43	977.299
1589.05	1203.73
1587.67	1346.71
1586.29	1591.12
1584.91	1828.19
1583.53	2128.59
1582.15	2280.36
1580.77	2370.5
1579.39	2330.25
1578.01	2210.36
1576.63	1981.91
1575.25	1630.49
1573.86	1431.17
1572.48	1139.67
1571.1	944.132
1569.72	891.522
1568.33	710.56
1566.95	573.048
1565.57	518.724
1564.18	440.928
1562.8	397.487
1561.42	339.611
1560.03	317.877
1558.65	279.899
1557.26	250.962
1555.88	234.671
1554.49	258.092
1553.11	223.761
1551.72	205.679
1550.34	180.388
1548.95	173.142
1547.56	171.308
1546.18	156.854
1544.79	131.59
1543.4	142.38
1542.02	108.118
1540.63	140.528
1539.24	118.887
1537.85	129.672
1536.46	120.646
1535.08	104.421
1533.69	109.803
1532.3	100.785
1530.91	109.764
1529.52	100.749
1528.13	106.127
1526.74	98.9147
1525.35	91.7046
1523.96	97.0817
1522.57	93.4695
1521.18	86.2642
1519.78	93.4363
1518.39	109.589
1517	104.18
1515.61	89.7948
1514.22	89.7788
1512.82	80.7866
1511.43	71.7976
1510.04	69.9902
1508.65	80.7436
1507.25	78.9352
1505.86	87.8895
1504.46	78.9072
1503.07	93.2374
1501.67	80.6718
1500.28	86.0347
1498.89	75.267
1497.49	80.6288
1496.09	77.0316
1494.7	77.0179
1493.3	68.0503
1491.91	60.8763
1490.51	73.3966
1489.11	66.2241
1487.72	62.6333
1486.32	75.1466
1484.92	155.633
1483.52	62.5999
1482.13	53.6475
1480.73	55.4259
1479.33	71.5046
1477.93	53.6189
1476.53	62.5442
1475.13	69.6797
1473.73	67.881
1472.33	58.9388
1470.93	55.3569
1469.53	55.347
1468.13	42.8417
1466.73	66.0358
1465.33	60.6708
1463.93	62.4441
1462.53	55.2978
1461.13	65.9888
1459.72	53.4949
1458.32	51.7026
1456.92	49.9108
1455.52	62.3774
1454.11	57.0206
1452.71	58.792
1451.31	55.219
1449.9	65.8948
1448.5	56.98
1447.09	62.3108
1445.69	62.2996
1444.28	55.1699
1442.88	60.4981
1441.47	80.0567
1440.07	55.1404
1438.66	65.801
1437.26	44.4522
1435.85	51.5553
1434.44	55.101
1433.04	55.0912
1431.63	69.2959
1430.22	53.2951
1428.82	62.1665
1427.41	40.845
1426	44.3888
1424.59	47.9313
1423.18	60.3472
1421.77	63.8857
1420.37	49.68
1418.96	33.7054
1417.55	53.2095
1416.14	58.5201
1414.73	54.9636
1413.32	40.7721
1411.91	51.3992
1410.5	33.6693
1409.08	67.3266
1407.67	58.4574
1406.26	53.1336
1404.85	28.3329
1403.44	47.8032
1402.03	42.4841
1400.61	49.5559
1399.2	49.5471
1397.79	61.9228
1396.37	31.8403
1394.96	61.9007
1393.55	53.0482
1392.13	51.2708
1390.72	45.9587
1389.3	68.9257
1387.89	47.7093
1386.47	63.601
1385.06	38.8603
1383.64	54.748
1382.23	54.7382
1380.81	54.7284
1379.39	58.2488
1377.98	65.2976
1376.56	52.9346
1375.14	49.3968
1373.73	47.6241
1372.31	61.7239
1370.89	54.6599
1369.47	58.176
1368.05	47.59
1366.64	74.0156
1365.22	47.573
1363.8	17.6165
1362.38	49.3173
1360.96	63.3966
1359.54	56.3424
1358.12	61.6135
1356.7	58.0823
1355.28	54.5524
1353.86	52.7832
1352.44	45.7373
1351.01	49.2467
1349.59	54.5134
1348.17	59.7781
1346.75	56.2517
1345.33	52.7265
1343.9	57.9888
1342.48	54.4645
1341.06	64.9944
1339.63	50.9325
1338.21	66.7271
1336.79	33.3576
1335.36	52.6604
1333.94	56.1611
1332.51	59.6604
1331.09	68.4218
1329.66	56.1309
1328.24	49.1057
1326.81	40.3296
1325.39	49.0881
1323.96	49.0793
1322.53	45.5655
1321.11	68.3359
1319.68	47.301
1318.25	49.0441
1316.82	50.7866
1315.4	42.0227
1313.97	61.2721
1312.54	49.0089
1311.11	59.5001
1309.68	36.7435
1308.25	45.4838
1306.82	40.2284
1305.39	43.7187
1303.96	54.2015
1302.53	50.6955
1301.1	47.1908
1299.67	48.9298
1298.24	50.6682
1296.81	50.6591
1295.38	40.1707
1293.95	50.6409
1292.52	34.9185
1291.08	55.8596
1289.65	48.8683
1288.22	45.3696
1286.79	41.8721
1285.35	50.5864
1283.92	57.5534
1282.49	54.0556
1281.05	43.5854
1279.62	47.0638
1278.18	36.5986
1276.75	48.7894
1275.31	33.1011
1273.88	47.03
1272.44	50.5046
1271.01	59.2016
1269.57	29.5955
1268.13	55.6992
1266.7	40.0266
1265.26	40.0194
1263.82	40.0122
1262.39	38.2656
1260.95	53.9101
1259.51	46.9455
1258.07	55.6291
1256.64	48.6667
1255.2	46.9201
1253.76	46.9117
1252.32	45.1661
1250.88	45.158
1249.44	41.6768
1248	32.9882
1246.56	45.1336
1245.12	36.4475
1243.68	45.1173
1242.24	46.8442
1240.8	41.6318
1239.35	50.296
1237.91	41.6168
1236.47	50.2779
1235.03	53.7357
1233.59	62.3915
1232.14	36.3885
1230.7	39.8469
1229.26	50.2326
1227.81	60.6147
1226.37	45.0199
1224.93	51.9367
1223.48	39.811
1222.04	36.3426
1220.59	41.5269
1219.15	46.7094
1217.7	41.5119
1216.26	50.1512
1214.81	65.7035
1213.36	36.3033
1211.92	29.3831
1210.47	43.2026
1209.02	46.6504
1207.58	48.3695
1206.13	46.6336
1204.68	32.8103
1203.23	34.531
1201.79	39.7034
1200.34	44.874
1198.89	36.2379
1197.44	20.7036
1195.99	43.1248
1194.54	39.6676
1193.09	51.731
1191.64	39.6533
1190.19	37.9224
1188.74	44.8093
1187.29	49.9706
1185.84	48.2387
1184.39	46.5075
1182.93	30.9994
1181.48	48.2126
1180.03	30.9882
1178.58	41.3102
1177.13	55.0703
1175.67	51.6191
1174.22	37.8471
1172.77	44.7204
1171.31	46.432
1169.86	53.3012
1168.4	48.1343
1166.95	37.813
1165.49	61.8646
1164.04	41.2356
1162.58	34.3568
1161.13	48.0908
1159.67	49.7993
1158.22	36.0551
1156.76	60.0809
1155.3	41.1909
1153.85	39.4675
1152.39	39.4603
1150.93	42.8839
1149.47	46.3062
1148.02	48.0126
1146.56	37.7174
1145.1	44.567
1143.64	32.5623
1142.18	44.5509
1140.72	37.6901
1139.26	44.5347
1137.8	47.9518
1136.34	49.6554
1134.88	46.2225
1133.42	35.9443
1131.96	41.0718
1130.5	35.9313
1129.04	47.8998
1127.58	59.8639
1126.12	39.332
1124.65	54.7128
1123.19	47.8651
1121.73	46.1472
1120.26	37.5946
1118.8	59.7988
1117.34	42.7057
1115.87	54.6534
1114.41	52.9359
1112.95	52.9263
1111.48	30.7258
1110.02	47.7871
1108.55	47.7784
1107.09	42.6516
1105.62	46.0553
1104.15	51.1633
1102.69	39.2181
1101.22	51.1448
1099.76	39.2039
1098.29	34.0842
1096.82	39.1897
1095.35	35.7754
1093.89	45.9886
1092.42	22.1386
1090.95	52.7826
1089.48	61.2847
1088.01	57.8695
1086.54	59.5608
1085.07	40.8343
1083.6	40.8269
1082.13	44.2211
1080.66	35.7105
1079.19	39.1044
1077.72	62.8957
1076.25	69.6826
1074.78	27.1883
1073.31	62.8615
1071.84	40.7676
1070.37	42.4585
1068.89	56.0351
1067.42	40.7454
1065.95	45.8302
1064.47	57.7017
1063	44.1168
1061.53	52.5912
1060.05	33.9237
1058.58	42.3969
1057.11	42.3892
1055.63	57.6388
1054.16	44.0687
1052.68	32.1982
1051.2	44.0527
1049.73	64.373
1048.25	57.5865
1046.78	42.3353
1045.3	47.4069
1043.82	44.0127
1042.35	55.8521
1040.87	60.9185
1039.39	79.518
1037.91	76.1204
1036.44	67.6503
1034.96	72.7108
1033.48	74.3882
1032	77.7554
1030.52	89.5714
1029.04	99.6934
1027.56	94.607
1026.08	101.346
1024.6	109.772
1023.12	99.6209
1021.64	119.861
1020.16	106.336
1018.68	145.131
1017.19	121.483
1015.71	140.017
1014.23	129.872
1012.75	139.966
1011.26	156.801
1009.78	155.087
1008.3	158.429
1006.81	168.511
1005.33	175.22
1003.85	195.402
1002.36	159.998
1000.88	193.647
999.393	203.713
997.907	222.192
996.422	252.444
994.936	260.812
993.45	301.14
991.964	326.316
990.477	395.208
988.991	393.454
987.503	425.324
986.016	448.778
984.528	472.223
983.041	477.178
981.552	539.247
980.064	606.332
978.575	498.747
977.086	523.841
975.597	495.208
974.107	478.334
972.618	520.198
971.127	515.07
969.637	483.104
968.146	483.016
966.656	529.88
965.164	467.751
963.673	497.838
962.181	464.229
960.689	479.224
959.197	472.436
957.704	470.674
956.212	472.263
954.718	478.874
953.225	453.676
951.731	470.331
950.238	481.959
948.743	496.929
947.249	460.036
945.754	488.385
944.259	471.573
942.764	518.302
941.268	503.162
939.773	496.385
938.277	459.532
936.78	379.253
935.284	369.161
933.787	335.692
932.289	243.791
930.792	238.738
929.294	195.295
927.796	191.922
926.298	171.864
924.799	146.808
923.301	111.754
921.801	105.063
920.302	103.376
918.802	105.025
917.303	103.339
915.802	93.321
914.302	83.3071
912.801	88.2893
911.3	84.9421
909.799	103.244
908.297	101.56
906.795	108.2
905.293	108.18
903.791	94.8484
902.288	98.1585
900.785	86.4967
899.282	83.1547
897.779	96.4418
896.275	103.074
894.771	96.4064
893.266	73.1225
891.762	88.0633
890.257	96.3535
888.752	68.0995
887.246	97.9788
885.741	107.923
884.235	97.9429
882.728	94.6055
881.222	68.0371
879.715	84.616
878.208	104.506
876.701	81.2679
875.193	69.6454
873.685	111.081
872.177	94.4841
870.668	81.2083
869.16	91.1355
867.651	82.8352
866.141	99.384
864.632	81.1487
863.122	86.1012
861.612	84.43
860.101	100.966
858.591	92.6734
857.08	91.0018
855.569	84.368
854.057	90.9684
852.545	81.0297
851.033	82.6682
849.521	72.7347
848.008	87.5961
846.495	92.5374
844.982	80.9553
843.469	87.5479
841.955	72.6679
840.441	92.4694
838.927	67.6884
837.412	70.9772
835.897	80.8662
834.382	84.1514
832.867	92.3845
831.351	98.9652
829.835	85.7541
828.319	84.0895
826.802	82.4256
825.285	79.114
823.768	84.0432
822.251	90.6182
820.733	90.6015
819.215	67.5269
817.697	95.5083
816.179	92.1979
814.66	87.2427
813.141	95.4556
811.622	85.5651
810.102	95.4205
808.582	80.599
807.062	92.0962
805.542	103.589
804.021	100.282
802.5	87.1144
800.979	78.8815
799.457	77.224
797.935	87.0663
796.413	83.7654
794.891	67.3284
793.368	77.1671
791.845	77.1529
790.322	67.2912
788.798	62.356
787.275	75.4697
785.751	77.0961
784.226	78.722
782.702	75.428
781.177	72.1352
779.651	57.3697
778.126	60.6368
776.6	62.2642
775.074	70.4438
773.548	75.3446
772.021	36.0278
770.494	75.3169
768.967	60.5698
767.44	52.375
765.912	57.2746
764.384	65.4447
762.856	60.5252
761.327	70.3271
759.798	55.5972
758.269	52.3171
756.74	71.9228
755.21	70.2752
753.68	58.8242
752.15	71.883
750.619	62.0693
749.088	71.8565
747.557	60.4136
746.026	58.77
744.494	50.5981
742.962	60.3802
741.43	47.3163
739.898	48.9388
738.365	45.6678
736.832	60.3356
735.298	61.9549
733.765	63.5735
732.231	60.3022
730.696	87.9924
729.162	45.6172
727.627	42.3511
726.092	47.229
724.557	71.6445
723.021	60.2354
721.485	63.4797
719.949	52.0762
718.412	63.4562
716.876	52.057
715.339	84.577
713.801	55.2901
712.264	69.9128
710.726	55.2697
709.188	52.0089
707.649	63.3742
706.11	56.8637
704.571	60.102
703.032	64.9631
701.492	51.9609
699.952	82.7973
698.412	69.7966
696.872	50.3092
695.331	60.0353
693.79	68.1356
692.249	60.0131
690.707	85.9488
689.165	81.0688
687.623	89.1592
686.08	79.418
684.538	66.4395
682.995	63.1869
681.451	77.754
679.908	95.555
678.364	77.7253
676.82	93.9006
675.275	114.926
673.73	80.9189
672.185	98.7027
670.64	85.7422
669.094	103.519
667.548	90.562
666.002	84.0777
664.456	92.145
662.909	92.128
661.362	80.799
659.815	101.788
658.267	96.9229
656.719	79.139
655.171	79.1244
653.622	96.869
652.074	75.8667
650.525	82.3081
648.975	75.8385
647.426	75.8245
645.876	77.4234
644.326	74.1837
642.775	74.1699
641.224	85.4408
639.673	72.5306
638.122	75.7402
636.57	72.5037
635.018	72.4903
633.466	67.645
631.914	75.684
630.361	86.9399
628.808	74.0462
627.254	94.9546
625.701	91.7188
624.147	82.049
622.592	88.4678
621.038	120.615
619.483	90.0428
617.928	101.279
616.373	86.7948
614.817	88.3857
613.261	122.11
611.705	83.5336
610.148	83.5181
608.591	91.5317
607.034	101.148
605.477	72.235
603.919	77.0363
602.361	62.5804
600.803	46.5255
599.244	65.7652
597.685	64.1492
596.126	62.5339
594.567	99.3944
593.007	60.9078
591.447	51.2813
589.887	57.6807
588.326	54.4661
586.765	65.6675
585.204	57.6485
583.642	57.6378
582.081	73.6346
580.519	78.4223
578.956	65.6064
577.394	65.5942
575.831	73.5798
574.268	81.5624
572.704	67.1566
571.14	49.5587
569.576	68.7299
568.012	71.9133
566.447	70.3021
564.882	68.6916
563.317	78.2619
561.751	73.4567
560.185	95.7952
558.619	83.007
557.053	100.547
555.486	111.699
553.919	94.1285
552.352	110.062
550.784	119.61
549.216	135.533
547.648	145.073
546.08	141.858
544.511	148.206
542.942	157.738
541.373	194.349
539.803	200.683
538.233	221.347
536.663	246.78
535.092	286.53
533.521	342.18
531.95	424.861
530.379	505.92
528.807	652.165
527.235	1003.51
525.663	1655.25
524.09	3142.95
522.518	7389.4
520.944	14324.7
519.371	16152.4
517.797	9787.19
516.223	4407.46
514.649	2159.65
513.074	1278.08
511.499	914.334
509.924	622.139
508.349	464.93
506.773	391.865
505.197	337.861
503.62	260.088
502.044	247.355
500.467	217.188
498.889	207.637
497.312	209.183
495.734	204.391
494.156	167.918
492.577	121.955
490.999	140.935
489.42	136.159
487.84	132.967
486.261	145.604
484.681	126.588
483.101	131.311
481.52	139.195
479.939	107.54
478.358	94.8702
476.777	115.404
475.195	102.738
473.613	105.879
472.031	99.5393
470.448	83.7237
468.865	90.0257
467.282	99.4834
465.699	77.3615
464.115	113.653
462.531	97.8494
460.946	85.2077
459.362	89.9247
457.777	80.4439
456.191	69.3896
454.606	78.837
453.02	85.128
451.434	86.6883
449.848	107.158
448.261	102.411
446.674	102.392
445.086	108.673
443.499	118.101
441.911	130.674
440.323	119.631
438.734	147.936
437.145	122.733
435.556	129.002
433.967	144.707
432.377	122.664
430.787	133.647
429.197	127.334
427.606	124.167
426.015	133.572
424.424	120.978
422.833	102.105
421.241	108.368
419.649	136.612
418.056	131.877
416.464	141.27
414.871	95.7317
413.277	128.664
411.684	134.915
410.09	111.363
408.496	125.456
406.901	97.2099
405.306	136.382
403.711	130.087
402.116	115.959
400.52	119.071
398.924	103.384
397.328	120.593
395.731	106.477
394.134	122.113
392.537	131.481
390.94	115.807
389.342	131.432
387.744	117.328
386.145	128.255
384.547	136.049
382.948	101.627
381.349	126.619
379.749	132.847
378.149	137.51
376.549	135.922
374.948	131.21
373.348	129.624
371.747	118.669
370.145	137.381
368.543	148.281
366.941	132.647
365.339	135.743
363.737	138.837
362.134	141.931
360.53	134.107
358.927	126.286
357.323	141.851
355.719	135.59
354.115	158.938
352.51	129.307
350.905	146.417
349.3	163.52
347.694	130.791
346.088	158.788
344.482	147.863
342.875	149.392
341.269	168.034
339.661	157.113
338.054	155.528
336.446	135.284
334.838	152.36
333.23	156.995
331.621	181.831
330.012	175.582
328.403	147.585
326.794	155.323
325.184	161.506
323.574	155.265
321.963	175.416
320.352	178.487
318.741	193.972
317.13	179.972
315.518	192.347
313.906	192.311
312.294	209.331
310.681	203.091
309.069	199.952
307.455	223.161
305.842	257.206
304.228	244.765
302.614	278.793
301	274.095
299.385	236.885
297.77	258.512
296.155	238.343
294.539	196.519
292.923	216.594
291.307	216.553
289.69	180.942
288.073	188.639
286.456	214.885
284.839	197.842
283.221	190.078
281.603	190.042
279.985	169.924
278.366	174.526
276.747	169.86
275.128	177.547
273.508	172.883
271.888	171.307
270.268	171.275
268.647	168.157
267.027	158.871
265.406	185.057
263.784	158.811
262.162	158.781
260.54	174.163
258.918	151.016
257.295	157.15
255.672	149.418
254.049	140.149
252.426	164.76
250.802	172.426
249.177	150.845
247.553	158.511
245.928	158.481
244.303	155.374
242.678	133.812
241.052	159.929
239.426	167.586
237.8	133.736
236.173	162.912
234.546	145.978
232.919	164.387
231.291	155.139
229.663	129.002
228.035	148.939
226.407	147.375
224.778	130.464
223.149	125.836
221.519	125.812
219.889	121.186
218.259	105.826
216.629	131.874
214.998	133.382
213.367	110.364
211.736	108.811
210.105	107.258
208.473	99.5778
206.841	105.686
205.208	87.289
203.575	111.77
201.942	123.995
200.309	108.667
198.675	110.176
197.041	110.155
195.406	111.664
193.772	128.466
192.137	87.1568
190.502	97.8417
188.866	103.937
187.23	126.84
185.594	97.7861
183.957	94.7123
182.32	109.968
180.683	93.1493
179.046	100.765
177.408	93.114
175.77	90.044
174.132	97.6563
172.493	106.791
170.854	117.448
169.214	103.701
167.575	112.829
165.935	108.235
164.295	102.118
162.654	96.0028
161.013	94.4611
159.372	115.769
157.73	111.178
156.089	126.384
154.446	102.001
152.804	114.159
151.161	111.094
149.518	103.465
147.875	117.136
146.231	109.509
144.587	104.927
142.943	130.753
141.298	114.007
139.653	117.025
138.008	107.886
136.362	100.269
134.717	121.515
133.07	98.7124
131.424	127.543
129.777	115.374
128.13	116.87
126.482	110.777
124.835	133.514
123.187	109.218
121.538	127.397
119.889	113.726
118.24	116.736
116.591	115.198
114.941	122.754
113.292	107.579
111.641	131.797
109.991	116.625
108.34	104.489
106.689	118.095
105.037	108.99
103.385	121.077
101.733	108.949
100.081	116.492
